18 - 17 44
5 - 1 31
18 - 9 24
3 - 6 11
18 - 10 30
11 - 2 33
9 - 4 7
13 - 11 24
5 - 19 32
1 - 2 40
14 - 10 34
3 - 2 49
15 - 3 9
8 - 6 10
2 - 12 30
9 - 13 8
8 - 10 27
16 - 15 12
2 - 7 19
14 - 2 30
10 - 2 39
16 - 15 1
8 - 13 23
13 - 2 1
4 - 2 44
2 - 1 35
3 - 2 29
2 - 1 30
2 - 13 27
4 - 9 37
17 - 3 36
17 - 18 42
8 - 3 23
8 - 7 0
2 - 6 49
15 - 10 12
4 - 3 26
3 - 4 3
2 - 1 29
2 - 1 25
7 - 8 50
17 - 18 1
13 - 9 47
2 - 13 35
3 - 9 27
4 - 3 13
13 - 12 33
1 - 12 14
12 - 4 44
6 - 15 12
2 - 3 30
2 - 12 46
7 - 14 3
9 - 4 44
2 - 1 21
1 - 10 40
2 - 10 30
17 - 15 20
17 - 6 0
9 - 12 49
16 - 17 37
8 - 17 44
10 - 4 47
10 - 3 26
16 - 10 13
2 - 4 5
2 - 3 21
2 - 4 7
5 - 4 35
4 - 19 49
2 - 1 14
12 - 6 37
17 - 3 31
2 - 4 14
6 - 10 48
3 - 1 41
16 - 2 34
4 - 7 40
11 - 2 32
8 - 5 50
13 - 3 4
11 - 14 35
17 - 3 20
4 - 11 33
15 - 11 23
16 - 7 14
4 - 10 40
2 - 12 6
18 - 1 46
8 - 3 47
18 - 16 8
10 - 3 40
13 - 7 13
4 - 9 0
2 - 7 43
10 - 15 26
17 - 11 42
13 - 3 36
9 - 7 30
1 - 10 37
14 - 5 46
7 - 8 22
10 - 8 48
14 - 18 15
2 - 1 28
6 - 7 13
2 - 12 30
10 - 1 50
6 - 2 30
16 - 2 7
11 - 3 29
7 - 11 14
2 - 4 25
12 - 17 29
3 - 4 2
9 - 13 47
13 - 3 17
16 - 8 23
4 - 2 16
1 - 2 3
7 - 1 35
5 - 1 13
5 - 4 3
3 - 12 41
17 - 16 7
16 - 11 50
3 - 4 32
16 - 7 34
7 - 6 1
17 - 15 14
5 - 7 27
2 - 3 8
15 - 17 10
1 - 6 4
8 - 4 37
17 - 19 44
19 - 17 11
12 - 1 1
3 - 8 24
1 - 3 5
3 - 12 34
17 - 12 32
2 - 1 38
3 - 1 17
3 - 1 49
16 - 2 7
11 - 17 16
15 - 17 9
8 - 1 42
7 - 4 4
3 - 6 10
7 - 6 39
10 - 18 36
6 - 15 12
9 - 4 26
7 - 10 44
7 - 13 19
10 - 18 0
2 - 4 45
12 - 4 3
17 - 5 11
3 - 4 19
13 - 12 50
14 - 13 23
11 - 13 33
13 - 10 42
7 - 2 39
3 - 2 16
3 - 16 4
4 - 3 9
3 - 2 23
4 - 3 35
7 - 2 22
2 - 3 16
8 - 12 26
13 - 3 3
1 - 11 46
10 - 11 47
3 - 2 20
10 - 3 14
17 - 15 17
13 - 7 0
2 - 3 18
12 - 10 31
18 - 19 11
6 - 8 31
8 - 7 19
1 - 13 42
10 - 5 36
13 - 18 34
11 - 10 26
14 - 12 14
19 - 18 47
13 - 19 35
18 - 10 22
11 - 16 2
7 - 6 2
4 - 6 23
5 - 6 5
12 - 17 12
2 - 3 8
12 - 18 45
10 - 2 36
16 - 11 12
16 - 11 36
1 - 2 47
18 - 4 20
17 - 18 28
13 - 12 37
13 - 5 13
13 - 14 16
4 - 12 1
2 - 4 20
3 - 4 31
13 - 4 0
9 - 4 12
15 - 16 0
8 - 2 39
1 - 2 40
16 - 12 12
12 - 5 25
3 - 9 41
2 - 8 47
17 - 8 46
9 - 17 0
9 - 7 12
13 - 15 29
8 - 3 35
9 - 15 40
10 - 12 0
10 - 7 32
15 - 18 50
4 - 1 26
7 - 10 12
7 - 9 10
8 - 10 7
13 - 18 27
16 - 15 0
4 - 10 27
8 - 6 0
4 - 13 44
2 - 4 9
2 - 4 42
9 - 17 0
4 - 13 10
10 - 15 35
3 - 2 10
4 - 5 44
2 - 3 37
1 - 3 30
7 - 9 14
2 - 1 40
1 - 6 37
2 - 9 16
12 - 3 48
10 - 6 40
2 - 17 23
2 - 1 35
1 - 9 25
1 - 2 36
2 - 12 9
6 - 7 2
13 - 12 44
15 - 17 10
3 - 2 4
11 - 17 19
4 - 16 39
13 - 4 26
7 - 1 14
8 - 7 34
9 - 18 26
10 - 9 9
16 - 6 28
12 - 6 21
9 - 4 28
6 - 15 16
17 - 12 32
16 - 11 15
11 - 1 36
1 - 8 39
17 - 7 25
14 - 5 15
10 - 11 10
6 - 8 11
3 - 2 43
9 - 7 4
19 - 18 38
3 - 11 6
